4294967278,12
4294967278,11
4294967278,10
4294967278,9
4294967278,8
4294967278,7
4294967278,6
4294967278,5
4294967278,4
4294967279,132
4294967279,131
4294967279,130
4294967279,129
4294967279,128
4294967279,127
4294967278,174
4294967278,88
4294967278,38
4294967278,37
4294967278,36
4294967278,35
4294967278,34
4294967278,33
4294967278,32
4294967278,31
4294967278,30
4294967278,29
4294967278,28
4294967278,27
4294967278,26
4294967278,25
4294967278,284
4294967278,24
4294967278,23
4294967278,22
4294967278,21
4294967278,20
4294967278,19
4294967278,18
4294967278,17
4294967278,16
4294967278,15
4294967278,14
4294967278,13
4294967279,174
4294967279,88
4294967279,2
4294967279,278
4294967279,23
4294967279,22
4294967279,21
4294967279,19
4294967279,18
4294967279,17
4294967279,14
4294967279,13
4294967278,224
4294967278,222
4294967278,220
4294967278,218
4294967278,274
4294967278,216
4294967294,187
4294967278,214
4294967278,215
4294967278,353
28,5
4294967278,213
28,4
4294967278,212
28,3
28,2
28,1
4294967278,352
4294967278,211
4294967279,544
4294967278,351
4294967278,350
4294967278,349
4294967294,22
4294967278,348
4294967278,206
4294967294,132
4294967294,396
4294967294,400
4294967294,178
4294967294,387
4294967294,421
4294967294,398
4294967294,406
4294967294,441
4294967294,409
4294967294,164
4294967294,452
4294967294,116
4294967294,190
4294967279,543
4294967278,205
4294967278,204
4294967278,200
4294967278,202
27,5
27,4
4294967278,201
27,3
27,2
27,1
4294967278,347
4294967278,199
4294967294,11
4294967294,9
4294967294,394
4294967278,198
4294967278,346
4294967294,131
4294967278,197
4294967278,345
4294967279,542
4294967279,541
4294967294,38
4294967294,40
4294967278,194
4294967278,193
4294967294,389
4294967294,1156
4294967294,161
4294967294,384
4294967278,192
4294967278,191
4294967278,189
4294967278,188
4294967279,540
4294967279,539
4294967278,187
4294967278,186
4294967278,344
4294967278,343
4294967278,342
4294967278,182
4294967278,181
4294967278,180
4294967278,178
4294967278,177
4294967279,538
4294967278,176
4294967278,175
4294967278,173
4294967294,41
4294967278,341
4294967279,537
4294967278,340
4294967294,36
4294967294,395
4294967294,45
4294967294,44
4294967294,43
4294967294,427
4294967294,114
4294967294,99
4294967294,76
4294967294,82
4294967294,388
4294967294,53
4294967294,474
4294967294,186
4294967294,179
4294967294,184
4294967294,426
4294967294,167
4294967294,422
4294967294,393
4294967294,113
4294967294,180
4294967294,85
4294967294,1284
4294967294,83
4294967294,92
4294967294,90
4294967294,88
4294967294,86
4294967279,536
4294967278,168
4294967278,167
4294967278,164
4294967278,166
4294967278,165
4294967278,339
4294967278,163
4294967294,107
4294967278,162
4294967294,120
4294967278,338
4294967278,161
4294967278,337
4294967278,336
4294967278,158
4294967278,335
4294967278,157
4294967294,440
4294967294,89
4294967294,1080
4294967294,188
4294967294,163
4294967294,170
4294967278,156
4294967278,155
23,5
4294967278,152
23,4
23,3
23,2
23,1
4294967279,535
4294967294,127
4294967279,534
4294967278,334
4294967294,1280
4294967294,1069
4294967279,533
4294967278,333
4294967278,332
4294967278,0
22,5
22,4
22,3
22,2
22,1
4294967279,532
4294967279,260
4294967294,5
4294967294,1
4294967294,1282
4294967294,472
4294967294,419
4294967278,132
4294967278,131
4294967278,130
4294967278,258
4294967278,129
4294967278,128
4294967278,127
4294967278,126
4294967278,125
4294967278,124
4294967278,123
4294967278,250
4294967278,122
4294967278,121
4294967278,120
4294967278,244
4294967278,119
4294967278,118
4294967278,240
4294967278,117
4294967278,116
4294967278,237
4294967278,115
4294967278,114
4294967278,233
4294967278,113
4294967278,112
4294967278,229
4294967278,111
4294967278,110
4294967278,109
4294967278,108
4294967278,221
4294967278,107
4294967278,219
4294967278,106
4294967278,217
4294967278,105
4294967278,104
4294967278,103
4294967278,102
4294967278,101
4294967278,100
4294967278,99
4294967278,98
4294967278,97
4294967278,96
4294967278,95
4294967278,94
4294967278,93
4294967278,92
4294967278,91
4294967278,90
4294967278,89
4294967278,87
4294967278,86
4294967278,85
4294967278,84
4294967278,83
4294967278,82
4294967278,81
4294967278,80
4294967278,79
4294967278,78
4294967278,77
4294967278,76
4294967278,75
4294967278,74
4294967278,73
4294967278,72
4294967278,71
4294967278,70
4294967278,69
4294967278,68
4294967278,67
4294967278,66
4294967278,65
4294967278,64
4294967278,63
4294967278,62
4294967278,61
4294967278,60
4294967278,59
4294967278,58
4294967278,57
4294967278,56
4294967278,55
4294967278,54
4294967278,53
4294967278,52
4294967278,51
4294967278,50
4294967278,49
4294967278,48
4294967278,47
4294967278,46
4294967278,45
4294967278,44
4294967278,43
4294967278,42
4294967278,41
4294967278,40
4294967278,39
4294967279,24
4294967279,16
4294967279,15
4294967279,11
4294967279,10
4294967279,9
4294967279,283
4294967279,8
4294967279,7
4294967279,6
4294967279,5
4294967278,331
4294967279,531
4294967279,135
4294967279,275
4294967279,530
